16
52
22
76
19
47
1
53
32
39
47
73
71
4
0
61
28
98
14
58
82
92
12
67
38
36
84
99
30
3
34
30
56
10
62
50
33
82
53
62
28
45
83
69
24
58
35
52
72
47
16
33
72
71
5
97
61
38
41
79
18
33
45
15
96
74
99
89
30
33
39
25
14
11
37
84
80
88
70
63
65
56
72
85
95
82
74
55
46
13
57
11
23
28
1
29
0
37
39
13
68
87
28
55
76
32
67
70
28
10
89
85
97
58
46
0
95
11
79
74
62
93
91
91
61
82
95
24
80
19
75
36
13
36
19
71
38
65
31
59
58
76
71
74
94
44
50
75
70
17
25
12
20
87
88
1
89
46
78
12
55
67
32
60
0
44
4
98
66
37
11
22
7
63
24
3
72
47
79
13
69
68
47
35
25
31
85
87
45
7
51
74
70
9
20
70
93
27
16
94
70
5
56
76
76
37
17
22
0
98
67
12
13
72
82
3
61
0
20
98
87
95
17
13
57
90
28
70
36
16
11
9
34
8
46
1
76
7
93
81
54
14
88
14
49
37
1
30
48
75
82
98
62
81
88
5
11
2
20
20
57
85
72
10
4
75
77
61
3
86
88
0
98
67
36
80
93
3
41
70
81
39
91
43
78
13
49
51
25
12
59
39
65
41
35
94
38
86
97
39
33
96
71
61
31
32
25
74
1
22
13
90
25
96
22
32
59
47
55
21
23
69
99
29
51
0
0
83
56
60
78
13
11
34
2
6
62
13
92
52
29
18
33
2
63
60
65
22
34
55
26
97
4
24
99
84
62
31
80
39
27
17
7
61
91
85
3
51
87
7
21
25
77
15
90
55
40
36
71
65
25
93
43
15
85
26
94
20
8
48
87
10
39
22
18
44
87
35
4
34
45
85
88
70
10
25
11
4
52
23
91
61
78
29
42
97
5
14
62
71
81
60
36
54
56
95
78
77
22
42
41
65
93
12
65
23
19
96
72
41
90
38
11
85
20
91
29
45
45
1
81
79
35
55
71
49
65
87
62
30
19
52
81
43
90
48
80
16
64
96
66
35
31
76
97
27
71
35
82
10
25
58
28
41
19
37
36
10
11
50
7
97
21
23
16
12
9
68
80
36
49
50
12
96
87
11
19
57
31
5
73
33
37
82
31
89
46
50
12
66
10
57
42
79
29
45
11
61
18
25
59
1
38
24
55
54
33
23
75
0
28
85
21
61
60
57
10
3
3
7
19
83
57
72
69
52
28
64
41
45
57
38
28
89
95
83
34
49
6
81
86
43
79
95
82
22
55
57
65
30
78
10
64
43
29
14
17
11
31
59
59
0
73
4
14
33
13
55
26
87
98
36
52
0
71
63
57
48
93
57
8
48
11
12
19
26
97
16
74
18
9
69
24
34
78
98
50
80
74
77
54
74
28
73
65
1
99
2
37
88
47
51
87
95
62
81
45
98
10
9
28
91
46
24
4
68
22
1
80
68
0
43
78
94
5
92
5
39
81
10
23
72
49
7
10
68
47
58
33
93
84
10
62
74
10
75
84
89
35
56
61
99
26
18
55
29
45
56
67
18
29
28
30
79
30
75
8
62
55
53
47
18
58
50
2
89
77
78
55
61
34
0
35
50
68
95
20
13
19
14
93
17
25
20
58
30
96
64
3
79
85
4
96
81
6
74
3
11
55
29
94
1
10
88
55
17
74
76
38
41
84
73
78
86
46
51
12
59
28
92
53
45
36
53
91
7
61
58
52
91
57
47
56
8
8
85
12
99
89
47
40
1
28
29
17
47
21
51
83
53
21
55
59
81
54
6
29
79
70
8
11
94
81
70
21
2
16
94
24
78
39
74
66
14
42
75
91
69
57
25
16
8
93
0
13
26
11
97
41
93
71
75
10
28
93
85
74
79
17
8
82
16
70
91
97
50
71
95
57
79
50
42
54
77
72
76
80
2
33
80
80
30
77
45
58
52
64
80
90
72
24
51
1
18
77
68
44
48
83
92
45
47
44
68
17
2
48
10
34
87
33
1
97
1
31
10
83
68
94
79
86
64
17
42
35
99
76
67
72
13
61
67
68
3
3
93
6
70
47
75
91
30
88
70
44
70
18
3
81
30
20
42
53
75
56
41
86
29
7
63
40
67
90
11
70
56
19
91
84
34
42
10
81
27
97
22
82
77
34
60
76
15
36
13
31
50
64
73
39
22
7
75
20
85
25
57
47
98
53
20
88
64
4
20
19
34
56
84
42
3
